3.612486748511856138e-01 0.000000000000000000e+00 9.324695142031520501e-01
3.128505295045914125e-01 1.806243374255927792e-01 9.324695142031520501e-01
1.806243374255928347e-01 3.128505295045914125e-01 9.324695142031520501e-01
2.212010166763637043e-17 3.612486748511856138e-01 9.324695142031520501e-01
-1.806243374255927236e-01 3.128505295045914125e-01 9.324695142031520501e-01
-3.128505295045913570e-01 1.806243374255929179e-01 9.324695142031520501e-01
-3.612486748511856138e-01 4.424020333527274086e-17 9.324695142031520501e-01
-3.128505295045914680e-01 -1.806243374255926959e-01 9.324695142031520501e-01
-1.806243374255929734e-01 -3.128505295045913015e-01 9.324695142031520501e-01
-6.636030500290911130e-17 -3.612486748511856138e-01 9.324695142031520501e-01
1.806243374255925571e-01 -3.128505295045915235e-01 9.324695142031520501e-01
3.128505295045913015e-01 -1.806243374255929734e-01 9.324695142031520501e-01
7.502014044567670847e-01 0.000000000000000000e+00 6.612093864662647036e-01
6.496934742143247732e-01 3.751007022283834869e-01 6.612093864662647036e-01
3.751007022283836534e-01 6.496934742143246622e-01 6.612093864662647036e-01
4.593658743419143465e-17 7.502014044567670847e-01 6.612093864662647036e-01
-3.751007022283833758e-01 6.496934742143247732e-01 6.612093864662647036e-01
-6.496934742143245511e-01 3.751007022283838199e-01 6.612093864662647036e-01
-7.502014044567670847e-01 9.187317486838286929e-17 6.612093864662647036e-01
-6.496934742143247732e-01 -3.751007022283833203e-01 6.612093864662647036e-01
-3.751007022283838754e-01 -6.496934742143244401e-01 6.612093864662647036e-01
-1.378097623025743039e-16 -7.502014044567670847e-01 6.612093864662647036e-01
3.751007022283830428e-01 -6.496934742143249952e-01 6.612093864662647036e-01
6.496934742143244401e-01 -3.751007022283838754e-01 6.612093864662647036e-01
9.711132189569826600e-01 0.000000000000000000e+00 2.386191860831970435e-01
8.410087175676269622e-01 4.855566094784912745e-01 2.386191860831970435e-01
4.855566094784914410e-01 8.410087175676268512e-01 2.386191860831970435e-01
5.946353476026757535e-17 9.711132189569826600e-01 2.386191860831970435e-01
-4.855566094784911080e-01 8.410087175676269622e-01 2.386191860831970435e-01
-8.410087175676267401e-01 4.855566094784916631e-01 2.386191860831970435e-01
-9.711132189569826600e-01 1.189270695205351507e-16 2.386191860831970435e-01
-8.410087175676270732e-01 -4.855566094784910525e-01 2.386191860831970435e-01
-4.855566094784917741e-01 -8.410087175676266291e-01 2.386191860831970435e-01
-1.783906042808027260e-16 -9.711132189569826600e-01 2.386191860831970435e-01
4.855566094784906639e-01 -8.410087175676272953e-01 2.386191860831970435e-01
8.410087175676266291e-01 -4.855566094784917741e-01 2.386191860831970435e-01
9.711132189569826600e-01 0.000000000000000000e+00 -2.386191860831969047e-01
8.410087175676269622e-01 4.855566094784912745e-01 -2.386191860831969047e-01
4.855566094784914410e-01 8.410087175676268512e-01 -2.386191860831969047e-01
5.946353476026757535e-17 9.711132189569826600e-01 -2.386191860831969047e-01
-4.855566094784911080e-01 8.410087175676269622e-01 -2.386191860831969047e-01
-8.410087175676267401e-01 4.855566094784916631e-01 -2.386191860831969047e-01
-9.711132189569826600e-01 1.189270695205351507e-16 -2.386191860831969047e-01
-8.410087175676270732e-01 -4.855566094784910525e-01 -2.386191860831969047e-01
-4.855566094784917741e-01 -8.410087175676266291e-01 -2.386191860831969047e-01
-1.783906042808027260e-16 -9.711132189569826600e-01 -2.386191860831969047e-01
4.855566094784906639e-01 -8.410087175676272953e-01 -2.386191860831969047e-01
8.410087175676266291e-01 -4.855566094784917741e-01 -2.386191860831969047e-01
7.502014044567669737e-01 0.000000000000000000e+00 -6.612093864662648146e-01
6.496934742143246622e-01 3.751007022283834313e-01 -6.612093864662648146e-01
3.751007022283835979e-01 6.496934742143245511e-01 -6.612093864662648146e-01
4.593658743419142848e-17 7.502014044567669737e-01 -6.612093864662648146e-01
-3.751007022283833203e-01 6.496934742143246622e-01 -6.612093864662648146e-01
-6.496934742143244401e-01 3.751007022283837644e-01 -6.612093864662648146e-01
-7.502014044567669737e-01 9.187317486838285696e-17 -6.612093864662648146e-01
-6.496934742143247732e-01 -3.751007022283832648e-01 -6.612093864662648146e-01
-3.751007022283838199e-01 -6.496934742143244401e-01 -6.612093864662648146e-01
-1.378097623025742793e-16 -7.502014044567669737e-01 -6.612093864662648146e-01
3.751007022283829873e-01 -6.496934742143248842e-01 -6.612093864662648146e-01
6.496934742143244401e-01 -3.751007022283838199e-01 -6.612093864662648146e-01
3.612486748511857249e-01 0.000000000000000000e+00 -9.324695142031520501e-01
3.128505295045915235e-01 1.806243374255928347e-01 -9.324695142031520501e-01
1.806243374255928902e-01 3.128505295045914680e-01 -9.324695142031520501e-01
2.212010166763637660e-17 3.612486748511857249e-01 -9.324695142031520501e-01
-1.806243374255927792e-01 3.128505295045915235e-01 -9.324695142031520501e-01
-3.128505295045914680e-01 1.806243374255929734e-01 -9.324695142031520501e-01
-3.612486748511857249e-01 4.424020333527275319e-17 -9.324695142031520501e-01
-3.128505295045915791e-01 -1.806243374255927514e-01 -9.324695142031520501e-01
-1.806243374255930290e-01 -3.128505295045914125e-01 -9.324695142031520501e-01
-6.636030500290912362e-17 -3.612486748511857249e-01 -9.324695142031520501e-01
1.806243374255926126e-01 -3.128505295045916346e-01 -9.324695142031520501e-01
3.128505295045914125e-01 -1.806243374255930290e-01 -9.324695142031520501e-01
